36.46504324309629 -54.94843756966321
-48.60990459306325 14.587393389724724
41.133584046602124 -46.794564776608524
37.016114689012966 -53.40483566789078
74.93328907957547 17.106275420902108
-58.09701353608985 55.73986874798459
-90.20107101942484 -63.99772404476032
29.053872171696128 -91.22792056378427
41.0320083867683 -40.95039246755652
39.48948374021751 19.820846768373627
-67.34029091812135 -15.833349585377434
47.885942948013394 -76.00353265096282
77.88712936841827 -67.66550830561033
-75.9781739576784 64.27374302779401
17.281717920566834 -76.94976138525729
74.77128466646792 -7.525761427020285
-35.605544288436235 -80.23315039884696
17.925893771173435 -28.471482644498437
90.33020108649262 -78.09192135211038
64.3188412112278 37.46603677069609
-4.112025222115605 21.29498723010188
-6.701671254404886 87.59855794868136
-10.592176724206041 30.218096122212728
30.65256914349081 42.38873441543319
-26.981542169647582 -39.16672884034702
