-8.498626049527715 20.584048961410502
-10.807414935131959 75.14711041299654
-36.84281963061926 53.396017236116336
14.345236013956452 39.39293279009024
79.30858159949526 48.61062089748154
-60.166269420875906 90.83456003388332
41.475770831301446 65.97992331195394
52.7117945976687 61.9431685682207
-48.68141794037075 -2.197481495326258
-25.58865227950355 2.23520203857899
-64.39836743419387 -19.714436294443672
61.4934865170477 58.97957875722349
71.36917884940499 -37.50703684448757
-91.05044548031424 -75.70203945215226
59.805419066979596 47.45053127151684
-26.94880184900829 -95.13491171907494
-25.298653344073756 4.069698009194326
-33.971029118235194 -12.005680337469002
93.76340744045487 -50.03017963576608
63.700691040953586 28.24566116920701
-0.08830538079840267 92.25928721901079
77.49386179518697 91.69632220480764
-80.19210253051634 21.783671230671132
-88.60096501716943 29.46976484406784
16.62748569011461 42.23735301709141
52.617852010757616 -25.340547476803607
-99.3572594482557 -92.30020101480842
-52.6446979430589 80.88078043028318
-71.65120072330313 -45.03092033451808
-2.8780934445770754 83.15770679912282
56.063538951082904 -49.58572439790443
94.00960250752036 -78.10977437042885
51.15621131864279 30.62259659818156
-35.60864234591385 39.70852641383357
-47.386340955320975 47.526315552544986
-15.988981898470087 2.3319082908736135
73.9259498752842 -56.06533447504789
-93.83703175038771 23.494695542590364
-92.52291926065782 88.26408270228018
-44.43284493791075 -69.06709314302815
35.91185217034604 -89.10787803049945
95.71197683955506 -70.15401691876508
-35.883898005078336 -1.8209797493571358
-13.191038990732466 -26.895090603295884
-98.93586744966132 25.956683762019267
-25.059361622201862 -79.12659319353428
30.57460316936502 55.09563700438608
12.550116099531735 -58.988163011953134
-26.66626692143285 -64.34354930994917
-27.801514997331523 48.854277978818516
28.15113877120271 -4.026620166766605
25.202153890417023 -75.19340267704632
92.65877271727351 -71.6613423350464
-5.289040872818987 -77.58190044752561
51.738889937212065 -15.179771827071107
98.42429429819 -31.54653036442265
89.71487093229518 28.680284603195474
-75.95121361873936 10.224328439681159
-33.590841835706954 -60.48141707465866
-76.84485237461291 13.596914180408007
16.456765334461338 -73.79249104806377
82.76578183811702 14.053759400724772
-67.87841155291193 -7.9700477000645975
62.48412374361786 -46.059590956832544
-68.289410677247 -7.932259635536269
-70.04026372098899 -37.55477638130982
-0.5165575388911066 -72.34864927191391
7.022337625068872 -48.70396805399777
-77.92862437347243 36.56351029900449
-31.166200426783348 -59.921097391461586
13.109919951733445 22.45817137347366
-32.23301810044322 45.85295274075932
-95.05552725495916 80.97872734201991
-35.83621278095485 -67.23506456110266
54.69779657607563 1.098768779894769
-31.203305638628166 78.08145459164584
10.907331747549918 10.392364254871893
22.31685740769349 27.299924112256235
-71.76221482666081 19.450393360569592
-68.0958373863988 13.871865100240981
61.074300043207074 -43.96369480413269
12.612060793099175 10.240997393364012
69.31099142632539 54.41478171133423
-34.63138289815792 6.664581603340096
-76.18093826588242 99.13570007421674
-37.80536246597921 -50.588778427078715
92.6069007630939 -52.0379135891913
6.4519254406497595 -18.871649351036865
-53.124409100022405 -49.16133940203593
-86.89073515157493 50.16919476690828
-30.90349444344244 -43.77892856089629
78.2075194416295 -30.134758222383496
0.2796481846704495 94.33992585976989
-60.946425547200356 -91.4025367562974
72.37153472503738 67.3472716846662
-82.54698530395206 37.33074003021778
-0.2754258176324669 27.018179486014475
68.36684117879369 -20.564237971411245
40.6096540693016 13.290836665621299
65.53121873292707 -62.534851450304465
