36.46504324309629 -54.94843756966321
-48.60990459306325 14.587393389724724
41.133584046602124 -46.794564776608524
37.016114689012966 -53.40483566789078
74.93328907957547 17.106275420902108
-58.09701353608985 55.73986874798459
-90.20107101942484 -63.99772404476032
29.053872171696128 -91.22792056378427
41.0320083867683 -40.95039246755652
39.48948374021751 19.820846768373627
-67.34029091812135 -15.833349585377434
47.885942948013394 -76.00353265096282
77.88712936841827 -67.66550830561033
-75.9781739576784 64.27374302779401
17.281717920566834 -76.94976138525729
74.77128466646792 -7.525761427020285
-35.605544288436235 -80.23315039884696
17.925893771173435 -28.471482644498437
90.33020108649262 -78.09192135211038
64.3188412112278 37.46603677069609
-4.112025222115605 21.29498723010188
-6.701671254404886 87.59855794868136
-10.592176724206041 30.218096122212728
30.65256914349081 42.38873441543319
-26.981542169647582 -39.16672884034702
-55.181070699998514 54.752708182035605
31.52751773329271 68.30154804888008
-32.979928321573965 13.726420802591832
37.74847393015955 28.030585191361496
-11.237475622884972 81.57591881283506
-82.5682256067018 14.533312711493267
-2.234149524938374 45.008979454772856
86.93041974246137 -80.31253984253775
27.99001653955351 -71.97351955169815
-52.33899698165991 -26.272435845115268
-79.14936042497827 -81.08637927560463
-94.57718530922847 -35.02911607248052
76.80190480642091 -18.530110906271517
50.381838411173845 -50.784989966860984
-98.636345612342 -16.941014043899784
-85.11950060054959 99.62613475400849
41.55415534257989 -41.17226932562612
43.030484725587684 31.323234666474292
-72.38883216456276 -21.06814542336828
84.96120799933601 -98.46389635083597
97.77545312412727 92.49822182298166
-28.80956057952058 62.065322046680365
-24.341275314723475 24.66974806446474
-69.32492485583472 3.842456558466594
-85.0233214166605 49.79930950884915
-42.35793930261129 83.75261596028923
-34.078588601395126 -82.55383482537093
-67.46311592998447 -77.63349818391727
28.966279080097024 46.11744416849862
-18.487625276344318 -63.16576822478266
12.344248406384509 55.03167945766495
11.333471221936136 51.21415250391743
-91.24331820892446 -75.6808391870293
8.4808040032039 -96.42865957168607
-25.784731935286118 78.63036210218272
