96.4459944303101 67.79123174439897
-7.084393331607359 40.627248749517776
-14.591026807193813 60.90989846101746
57.762625395733494 -71.96023365062712
-89.11889696335666 -7.226685663804801
-99.19241385792486 -63.6719602756973
-30.674635497281557 77.24068778651161
-29.856443222206664 73.27994193949269
-1.3142503149969968 38.74713698567362
-5.682677182913153 2.852908171963975
-54.27520772507219 -43.30459278678149
-83.85472560823098 -18.24104367406069
-40.36994119718893 -39.70381339048566
-0.8058996970840724 -63.12904985264356
3.8190248003210314 -95.89707594670504
-64.72640397673659 62.51447998336076
76.91819213650086 -15.205839366375429
-26.923340018693082 77.92031878392174
-88.35398949126608 -23.076342353982326
4.758079128685225 42.47878406712104
-72.37060815830137 -26.26552312193462
-2.5618874528457525 56.94098788760712
-38.90918211458154 -79.96879112239934
-61.48651382202645 65.28441650727407
24.401011131209074 -82.69511474719681
-72.7686162779267 -13.108112528897138
73.65497833399564 -42.316021184624006
13.398166928148541 -35.0719669391483
81.68163496998463 91.32824585911476
-95.3163515346603 13.16286194761787
89.31368268031696 18.151195684211373
-23.722583074186332 -27.552592835367975
22.545313835605782 2.9013899677957795
-0.01234455373430876 -75.49737308523086
67.3193962430357 -32.092462589350475
6.218839762734646 33.21059526555348
19.12260831568375 16.607179932536837
-80.77122223568162 27.158221410974548
-17.488149202013403 82.32721063084944
-0.4567869198567962 3.0293644334444423
-75.00687290523629 66.81489639426138
13.451209026733778 97.72179280138062
92.64759290402301 -1.5859095576554125
9.164397486494465 -77.96031477659038
-58.40434314310341 47.49370912612258
85.56743361188083 -52.97871685942215
-0.5925766395540961 39.92175797958444
-65.22660111162044 97.35362592338942
-11.764871968332997 98.83483482396409
71.5542445475023 -24.13437128630642
-65.42507101399222 17.25801354952958
-20.57003795726449 0.6026004364941002
-81.38045830275216 22.40561497533176
73.6246033526406 91.54490668502763
44.764540295666336 28.15811688675319
85.12973764642481 -73.30933248561715
-78.7157625038354 -62.79986039754233
26.427063269395518 -37.98861375278684
-93.35235157628658 48.26111216878809
-74.98017229069657 -84.15729819156547
8.896328620143379 -3.384934450315072
74.85541845434983 -43.89087292826599
51.01419547419232 -13.42030985637544
5.481034644876232 92.71980094457868
76.01395042834537 48.46597418284807
81.251979283836 34.22877514899733
13.61903718663946 -7.343791255214271
-9.568682750631098 6.7874738347017995
-11.544843657451409 87.80035368080988
-6.640381937693363 47.756060419438796
-38.67819738430913 18.328979752865806
50.785874827596786 24.927680372115702
-97.18611664043311 98.85118959574294
-42.830807508328704 10.037789909830906
44.087418894237345 42.3877962509149
-20.942318280524304 -53.93603602465047
53.96574403899831 41.51150471169936
-86.19997122583551 -26.091226783818882
-60.53732451770812 46.03927155477572
37.8547143978235 64.797109160328
96.54740785180641 -67.73038494668543
41.15058275616835 53.21594270808643
2.1071422616878692 31.835581436921643
-99.14129875097446 72.12765905533058
91.2313640255814 52.29354316370427
-20.69825174368421 -97.7853295588565
82.93517137482127 -25.55811449334611
31.256349603630753 -27.41812025664494
44.44365488685031 39.14921879017962
34.91026015184357 73.82589106735352
-43.18065721573514 3.7047760851138634
-52.99475524859396 -24.75618573560554
17.522194801931022 -6.411080281787449
-49.63068401043811 -61.14240031585327
-73.5954509425014 73.07455919210844
-75.36983973240616 -31.095349501270505
84.07097584344757 91.81547317707285
-71.26974369091917 68.7515951524031
86.89700921410517 58.33974358278533
-21.598589812607585 27.293933815572146
