-8.498626049527715 20.584048961410502
-10.807414935131959 75.14711041299654
-36.84281963061926 53.396017236116336
14.345236013956452 39.39293279009024
79.30858159949526 48.61062089748154
-60.166269420875906 90.83456003388332
41.475770831301446 65.97992331195394
52.7117945976687 61.9431685682207
-48.68141794037075 -2.197481495326258
-25.58865227950355 2.23520203857899
-64.39836743419387 -19.714436294443672
61.4934865170477 58.97957875722349
71.36917884940499 -37.50703684448757
-91.05044548031424 -75.70203945215226
59.805419066979596 47.45053127151684
-26.94880184900829 -95.13491171907494
-25.298653344073756 4.069698009194326
-33.971029118235194 -12.005680337469002
93.76340744045487 -50.03017963576608
63.700691040953586 28.24566116920701
-0.08830538079840267 92.25928721901079
77.49386179518697 91.69632220480764
-80.19210253051634 21.783671230671132
-88.60096501716943 29.46976484406784
16.62748569011461 42.23735301709141
52.617852010757616 -25.340547476803607
-99.3572594482557 -92.30020101480842
-52.6446979430589 80.88078043028318
-71.65120072330313 -45.03092033451808
-2.8780934445770754 83.15770679912282
56.063538951082904 -49.58572439790443
94.00960250752036 -78.10977437042885
51.15621131864279 30.62259659818156
-35.60864234591385 39.70852641383357
-47.386340955320975 47.526315552544986
-15.988981898470087 2.3319082908736135
73.9259498752842 -56.06533447504789
-93.83703175038771 23.494695542590364
-92.52291926065782 88.26408270228018
-44.43284493791075 -69.06709314302815
35.91185217034604 -89.10787803049945
95.71197683955506 -70.15401691876508
-35.883898005078336 -1.8209797493571358
-13.191038990732466 -26.895090603295884
-98.93586744966132 25.956683762019267
-25.059361622201862 -79.12659319353428
30.57460316936502 55.09563700438608
12.550116099531735 -58.988163011953134
-26.66626692143285 -64.34354930994917
-27.801514997331523 48.854277978818516
28.15113877120271 -4.026620166766605
25.202153890417023 -75.19340267704632
92.65877271727351 -71.6613423350464
-5.289040872818987 -77.58190044752561
51.738889937212065 -15.179771827071107
98.42429429819 -31.54653036442265
89.71487093229518 28.680284603195474
-75.95121361873936 10.224328439681159
-33.590841835706954 -60.48141707465866
-76.84485237461291 13.596914180408007
16.456765334461338 -73.79249104806377
82.76578183811702 14.053759400724772
-67.87841155291193 -7.9700477000645975
62.48412374361786 -46.059590956832544
-68.289410677247 -7.932259635536269
-70.04026372098899 -37.55477638130982
-0.5165575388911066 -72.34864927191391
7.022337625068872 -48.70396805399777
-77.92862437347243 36.56351029900449
-31.166200426783348 -59.921097391461586
13.109919951733445 22.45817137347366
-32.23301810044322 45.85295274075932
-95.05552725495916 80.97872734201991
-35.83621278095485 -67.23506456110266
54.69779657607563 1.098768779894769
-31.203305638628166 78.08145459164584
10.907331747549918 10.392364254871893
22.31685740769349 27.299924112256235
-71.76221482666081 19.450393360569592
-68.0958373863988 13.871865100240981
61.074300043207074 -43.96369480413269
12.612060793099175 10.240997393364012
69.31099142632539 54.41478171133423
-34.63138289815792 6.664581603340096
-76.18093826588242 99.13570007421674
-37.80536246597921 -50.588778427078715
92.6069007630939 -52.0379135891913
6.4519254406497595 -18.871649351036865
-53.124409100022405 -49.16133940203593
-86.89073515157493 50.16919476690828
-30.90349444344244 -43.77892856089629
78.2075194416295 -30.134758222383496
0.2796481846704495 94.33992585976989
-60.946425547200356 -91.4025367562974
72.37153472503738 67.3472716846662
-82.54698530395206 37.33074003021778
-0.2754258176324669 27.018179486014475
68.36684117879369 -20.564237971411245
40.6096540693016 13.290836665621299
65.53121873292707 -62.534851450304465
96.4459944303101 67.79123174439897
-7.084393331607359 40.627248749517776
-14.591026807193813 60.90989846101746
57.762625395733494 -71.96023365062712
-89.11889696335666 -7.226685663804801
-99.19241385792486 -63.6719602756973
-30.674635497281557 77.24068778651161
-29.856443222206664 73.27994193949269
-1.3142503149969968 38.74713698567362
-5.682677182913153 2.852908171963975
-54.27520772507219 -43.30459278678149
-83.85472560823098 -18.24104367406069
-40.36994119718893 -39.70381339048566
-0.8058996970840724 -63.12904985264356
3.8190248003210314 -95.89707594670504
-64.72640397673659 62.51447998336076
76.91819213650086 -15.205839366375429
-26.923340018693082 77.92031878392174
-88.35398949126608 -23.076342353982326
4.758079128685225 42.47878406712104
-72.37060815830137 -26.26552312193462
-2.5618874528457525 56.94098788760712
-38.90918211458154 -79.96879112239934
-61.48651382202645 65.28441650727407
24.401011131209074 -82.69511474719681
-72.7686162779267 -13.108112528897138
73.65497833399564 -42.316021184624006
13.398166928148541 -35.0719669391483
81.68163496998463 91.32824585911476
-95.3163515346603 13.16286194761787
89.31368268031696 18.151195684211373
-23.722583074186332 -27.552592835367975
22.545313835605782 2.9013899677957795
-0.01234455373430876 -75.49737308523086
67.3193962430357 -32.092462589350475
6.218839762734646 33.21059526555348
19.12260831568375 16.607179932536837
-80.77122223568162 27.158221410974548
-17.488149202013403 82.32721063084944
-0.4567869198567962 3.0293644334444423
-75.00687290523629 66.81489639426138
13.451209026733778 97.72179280138062
92.64759290402301 -1.5859095576554125
9.164397486494465 -77.96031477659038
-58.40434314310341 47.49370912612258
85.56743361188083 -52.97871685942215
-0.5925766395540961 39.92175797958444
-65.22660111162044 97.35362592338942
-11.764871968332997 98.83483482396409
71.5542445475023 -24.13437128630642
-65.42507101399222 17.25801354952958
-20.57003795726449 0.6026004364941002
-81.38045830275216 22.40561497533176
73.6246033526406 91.54490668502763
44.764540295666336 28.15811688675319
85.12973764642481 -73.30933248561715
-78.7157625038354 -62.79986039754233
26.427063269395518 -37.98861375278684
-93.35235157628658 48.26111216878809
-74.98017229069657 -84.15729819156547
8.896328620143379 -3.384934450315072
74.85541845434983 -43.89087292826599
51.01419547419232 -13.42030985637544
5.481034644876232 92.71980094457868
76.01395042834537 48.46597418284807
81.251979283836 34.22877514899733
13.61903718663946 -7.343791255214271
-9.568682750631098 6.7874738347017995
-11.544843657451409 87.80035368080988
-6.640381937693363 47.756060419438796
-38.67819738430913 18.328979752865806
50.785874827596786 24.927680372115702
-97.18611664043311 98.85118959574294
-42.830807508328704 10.037789909830906
44.087418894237345 42.3877962509149
-20.942318280524304 -53.93603602465047
53.96574403899831 41.51150471169936
-86.19997122583551 -26.091226783818882
-60.53732451770812 46.03927155477572
37.8547143978235 64.797109160328
96.54740785180641 -67.73038494668543
41.15058275616835 53.21594270808643
2.1071422616878692 31.835581436921643
-99.14129875097446 72.12765905533058
91.2313640255814 52.29354316370427
-20.69825174368421 -97.7853295588565
82.93517137482127 -25.55811449334611
31.256349603630753 -27.41812025664494
44.44365488685031 39.14921879017962
34.91026015184357 73.82589106735352
-43.18065721573514 3.7047760851138634
-52.99475524859396 -24.75618573560554
17.522194801931022 -6.411080281787449
-49.63068401043811 -61.14240031585327
-73.5954509425014 73.07455919210844
-75.36983973240616 -31.095349501270505
84.07097584344757 91.81547317707285
-71.26974369091917 68.7515951524031
86.89700921410517 58.33974358278533
-21.598589812607585 27.293933815572146
-63.77393651617209 -47.7458457844429
30.991672738229312 92.20347608572993
24.89414445990586 69.57034739671303
74.41890502075537 86.30863893703912
-62.655570700330834 -78.68052581701004
58.61371115933281 54.02284050819006
-32.064750614356385 6.534472677279496
-86.8097025477917 -17.90962285296966
-20.496478939343348 -19.975107729313947
-48.005069415198484 53.46231884225517
-6.199498401356209 23.682400322652626
87.59344322648855 44.11585890330019
-23.526072776874813 92.92213027205395
-78.17831400324059 74.91330784901115
-94.1778870057724 98.5213103700236
-61.71992046082948 70.95830213597861
-25.221616731395002 1.4790482793421518
35.310443358654766 34.81588358281829
-32.158340213128824 74.45662698989693
-87.67768626339623 -28.9275485997684
0.9746225300665259 -39.42369784514821
91.42959982541495 -71.73755933573838
-78.39490373963356 95.82678073227416
71.23997021982021 74.77054372090785
84.33418260112154 2.2797972082682065
5.980690695047457 10.71581623563695
-20.920822118358885 7.935300240918039
30.72755157403435 -64.1929051369593
-79.50643616619783 82.9293290619712
-4.7883671500025 15.36383907996401
21.57896416513323 -10.04360632530907
-41.62621097046157 21.37146695322383
-36.34851375549866 36.01109791004521
-12.123228397290035 -90.99843800633724
38.70711315808282 -19.48200968072051
90.4412155513566 -77.88323722346067
-7.261993524629801 -58.663822724454604
-22.471308650274537 -26.328051842898304
-21.47486434779246 2.3629129940839704
72.92276000235697 17.864875142850806
-82.08883903372286 -17.186028650255906
-97.16524587828961 78.88622874567992
-32.07215082205606 -5.312014898772219
-6.514187615138184 -5.198930575429699
20.40635927171283 -69.0701213634089
59.174330761048964 -3.911275505089563
4.289618861791595 89.37936394438796
-56.47091310192103 -23.47238311572883
-68.2712412463667 0.2727045838664992
58.366191695606744 86.42565214187508
-56.4751124918135 -71.63345294710126
17.489153872068215 28.852122393994108
-73.37042178954904 -11.670958990737375
-30.386225909720153 93.74980569059585
35.73970018936657 96.71371826658196
-66.23703223640362 8.78144710470481
-61.75475202044258 -1.2137883136425387
56.709565618808625 47.0401335506169
-35.35783980297947 -85.55479897098968
-77.5311931469292 72.68177676050627
-13.246903151106395 25.88769668219517
4.832193954104611 -65.48053053729588
-63.46699351354441 -7.832805613536237
34.548360751096254 75.34279691678816
-24.26606226337809 91.51009188680831
-60.83336699799891 -32.744611527964864
10.571609314901039 -13.75716460051936
78.30681178543216 -26.756461999509852
-81.98856213598864 78.64194004705004
-61.6640748462467 64.59256830920629
-25.990621461631974 -6.5219420761257965
-41.65914774462656 52.54930176607252
5.033043938774725 78.1773162125013
99.89942018933522 10.535201696169679
-98.37497508385522 -27.339902846290244
-60.53566147368494 50.27758338933768
79.63819363828983 70.53719878051007
16.829763086230457 -18.86246200193294
8.799128520441073 -54.97816228364447
59.45026306585467 -75.4528775429002
-55.18755880217103 32.067137582442086
-19.834894223060388 74.10605363294397
45.52191777672948 16.783375919780525
-20.872014190251946 -27.239375396377753
21.466497861794082 -12.84935862221775
75.62162719874667 68.49394147104329
-89.65097063205852 17.20591209318752
-25.570157176446003 -97.72532905045617
-95.78361381682139 -87.68343296812576
-34.81237833030208 -81.50685249602154
3.2400944184696243 -53.14941477780852
55.01247540741849 79.84465476460872
45.011434283750305 0.7788970345344239
-62.80364733264272 -60.778862672485175
-27.914659293888306 -43.6157429229699
-50.248614579684855 -84.15732477737363
-12.997776169147102 51.14366037647369
-67.58412688045533 45.70009361148965
87.353013405556 -66.1282967257527
33.82490538747277 -68.58561957472962
-78.73976847132012 15.316199477102899
-89.41974391119032 -66.1108230354796
27.335223439136456 -96.93276331632863
34.916612646146234 -45.72831901191962
78.58796875801306 77.90177581380453
-23.94299439951925 -76.77520113580398
90.50396354233311 90.3140948375534
39.88756896499862 82.49945941819107
33.716439168906845 -34.665006721351304
-40.01378414519743 28.01365385563375
-65.5178146106409 -66.49554804043484
-69.99041722828181 29.283488270577152
-34.04077058195955 14.95693066045611
-8.927326223431336 -49.21888466828395
-1.3543501887522922 0.03408566524645096
-79.68485845846283 54.79424074709718
65.89231564329756 -81.56810682637538
34.35277676848446 -63.549647938716426
18.76683083023623 91.8281344924693
-71.77879599317313 69.58500158440484
-16.529186975837035 96.374894646815
-29.531642477294568 -91.18694765774293
27.08287183480445 -24.13581265591327
-4.232701788298712 87.42239769333887
-72.8846915928943 90.39611640519703
31.613748258079738 73.91900530203273
16.94795969981695 19.550836135096432
3.9238926157718197 67.78489973896816
-87.02475272163423 -17.751572673722762
6.532930765334612 77.46201340574342
38.413031639222396 -49.16817628328356
-51.808825851226636 87.86274584914341
-61.03142277351772 13.485542159292336
71.04478325054967 63.697440638534545
-99.41294094326875 -4.970019317745326
-40.057473624701714 19.934990005611766
-23.77926665070278 63.36689939474826
76.16706503371555 42.27550134699058
-86.97233454632246 27.30703830566779
92.90030633267881 10.172894029597174
7.968851214395528 44.88352072977784
21.973989805593106 -77.90327326268817
99.0472428941988 -79.74380632003017
85.10518649240856 -13.997169773565105
-97.17053283041037 -79.73358386265693
-66.36132747981902 -14.409559928850115
41.88365544632077 -20.2803327574738
-40.517321774699425 -53.94140395671201
-26.353725445019222 -49.45695714776135
30.355796797715755 68.63858236057189
33.35728013394771 -67.9129380138084
-59.5560857771815 19.481796792634512
13.529433461783327 85.66151932552387
77.5936812859884 -71.59871621065929
38.884884545019645 -21.346592513905478
-36.84635554127691 48.48278131497156
-47.317950482815775 80.98408236517429
20.58751045082468 12.786782040526305
9.574198584086432 -51.43672480869035
-83.19018954435882 81.21858660759358
60.58924658194093 -12.080071290498594
53.89966726434187 -5.6852243785382655
-97.81527846063467 56.57451643577741
60.0443555108788 79.70732162961102
-94.67564783070301 -47.122667895162266
-39.44130750179842 -46.9455592746713
-48.05855928334124 -78.30802119735563
23.857526435054893 30.989870996457825
-35.59662407515427 9.759944341612183
-25.55364887153833 -58.607790877050725
-8.822599807788606 -47.33818692928349
-38.66620237478915 -97.09834670324562
17.621064687653984 65.83563561834626
36.42036763076024 19.194175147777372
57.744597834717524 26.669279887105006
-23.36057970310914 -46.00594053122266
88.52192719116397 -25.086397662239207
40.78304701532596 17.95285065900451
15.438005757055024 -11.413354257793145
53.97508911247385 -20.849730265177698
-62.67695631547039 -60.571382966568606
-92.4855999605592 -98.09562377610507
-16.790823015752295 -78.95097560467832
78.1341541039906 87.68385355003986
-37.933673869422904 -35.67814508579272
16.816387449362452 -5.814007323165441
-33.85923528874643 4.3856644534676406
-65.87415317480105 -95.00597569834449
39.86608224830772 -57.525401739699646
-10.64419048706597 -41.91362367990723
-22.605811921292812 10.534199000417203
-90.9786284712197 -37.00942664718205
-77.17823832573455 65.84612810911594
1.7290011154608749 -13.794754195235441
38.32985704071123 -73.73965082782902
60.70662934175763 50.217266401520334
37.12379715768992 80.23137940975323
10.562707571783818 96.62913666201268
-6.685676385470174 37.751723049018636
41.00842301241653 5.853707329938132
